+--------+-----------+
| biz_id | app_count |
+--------+-----------+
|      2 |        28 |
|     20 |        25 |
|     21 |         1 |
|     25 |         4 |
|     63 |         7 |
|  18791 |         1 |
|  18814 |         1 |
|  18841 |         5 |
|  18927 |         1 |
|  18938 |         1 |
|  18985 |         2 |
|  18986 |         4 |
|  18987 |         1 |
|  18994 |         6 |
|  19020 |         2 |
|  19025 |         1 |
|  19078 |         2 |
+--------+-----------+
17 rows in set (0.01 sec)